7.0
87.0
8.0
9.0
6.0
245.0
6.0
7.0
87.0
8.0
9.0
6.0
245.0
6.0
7.0
87.0
8.0
9.0
6.0
245.0
6.0
7.0
87.0
8.0
9.0
6.0
245.0
6.0
7.0
87.0
8.0
9.0
6.0
245.0
6.0
7.0
87.0
8.0
9.0
6.0
245.0
6.0
7.0
87.0
8.0
9.0
6.0
245.0
6.0
7.0
87.0
8.0
9.0
6.0
245.0
6.0
7.0
87.0
8.0
9.0
6.0
245.0
6.0
7.0
87.0
8.0
9.0
6.0
245.0
6.0
7.0
87.0
8.0
9.0
6.0
245.0
6.0
7.0
87.0
8.0
9.0
6.0
245.0
6.0
7.0
87.0
8.0
9.0
6.0
245.0
6.0
7.0
87.0
8.0
9.0
6.0
245.0
6.0
7.0
87.0
8.0
9.0
6.0
245.0
6.0
7.0
87.0
8.0
9.0
6.0
245.0
6.0
7.0
87.0
8.0
9.0
6.0
245.0
6.0
7.0
87.0
8.0
9.0
6.0
245.0
6.0
7.0
87.0
8.0
9.0
6.0
245.0
6.0
